0 16777215 0 16777215 0 16777215 0 16777215 0 16777215 0 16777215 0 16777215 0 16777215 0 16777215 0 16777215 0 16777215 0 16777215 0 16777215 0 16777215 0 16777215 0 16777215 0 16777215 0 16777215 0 16777215 0 16777215 
0 16777215 0 16777215 0 16777215 0 16777215 0 16777215 0 16777215 0 16777215 0 16777215 0 16777215 0 16777215 0 16777215 0 16777215 0 16777215 0 16777215 0 16777215 0 16777215 0 16777215 0 16777215 0 16777215 0 16777215 
0 16777215 0 16777215 0 16777215 0 16777215 0 16777215 0 16777215 0 16777215 0 16777215 0 16777215 0 16777215 0 16777215 0 16777215 0 16777215 0 16777215 0 16777215 0 16777215 0 16777215 0 16777215 0 16777215 0 16777215 
0 16777215 0 16777215 0 16777215 0 16777215 0 16777215 0 16777215 0 16777215 0 16777215 0 16777215 0 16777215 0 16777215 0 16777215 0 16777215 0 16777215 0 16777215 0 16777215 0 16777215 0 16777215 0 16777215 0 16777215 
0 16777215 0 16777215 0 16777215 0 16777215 0 16777215 0 16777215 0 16777215 0 16777215 0 16777215 0 16777215 0 16777215 0 16777215 0 16777215 0 16777215 0 16777215 0 16777215 0 16777215 0 16777215 0 16777215 0 16777215 
0 16777215 0 16777215 0 16777215 0 16777215 0 16777215 0 16777215 0 16777215 0 16777215 0 16777215 0 16777215 0 16777215 0 16777215 0 16777215 0 16777215 0 16777215 0 16777215 0 16777215 0 16777215 0 16777215 0 16777215 
0 16777215 0 16777215 0 16777215 0 16777215 0 16777215 0 16777215 0 16777215 0 16777215 0 16777215 0 16777215 0 16777215 0 16777215 0 16777215 0 16777215 0 16777215 0 16777215 0 16777215 0 16777215 0 16777215 0 16777215 
0 16777215 0 16777215 0 16777215 0 16777215 0 16777215 0 16777215 0 16777215 0 16777215 0 16777215 0 16777215 0 16777215 0 16777215 0 16777215 0 16777215 0 16777215 0 16777215 0 16777215 0 16777215 0 16777215 0 16777215 
0 16777215 0 16777215 0 16777215 0 16777215 0 16777215 0 16777215 0 16777215 0 16777215 0 16777215 0 16777215 0 16777215 0 16777215 0 16777215 0 16777215 0 16777215 0 16777215 0 16777215 0 16777215 0 16777215 0 16777215 
0 16777215 0 16777215 0 16777215 0 16777215 0 16777215 0 16777215 0 16777215 0 16777215 0 16777215 0 16777215 0 16777215 0 16777215 0 16777215 0 16777215 0 16777215 0 16777215 0 16777215 0 16777215 0 16777215 0 16777215 
0 16777215 0 16777215 0 16777215 0 16777215 0 16777215 0 16777215 0 16777215 0 16777215 0 16777215 0 16777215 0 16777215 0 16777215 0 16777215 0 16777215 0 16777215 0 16777215 0 16777215 0 16777215 0 16777215 0 16777215 
0 16777215 0 16777215 0 16777215 0 16777215 0 16777215 0 16777215 0 16777215 0 16777215 0 16777215 0 16777215 0 16777215 0 16777215 0 16777215 0 16777215 0 16777215 0 16777215 0 16777215 0 16777215 0 16777215 0 16777215 
0 16777215 0 16777215 0 16777215 0 16777215 0 16777215 0 16777215 0 16777215 0 16777215 0 16777215 0 16777215 0 16777215 0 16777215 0 16777215 0 16777215 0 16777215 0 16777215 0 16777215 0 16777215 0 16777215 0 16777215 
0 16777215 0 16777215 0 16777215 0 16777215 0 16777215 0 16777215 0 16777215 0 16777215 0 16777215 0 16777215 0 16777215 0 16777215 0 16777215 0 16777215 0 16777215 0 16777215 0 16777215 0 16777215 0 16777215 0 16777215 
0 16777215 0 16777215 0 16777215 0 16777215 0 16777215 0 16777215 0 16777215 0 16777215 0 16777215 0 16777215 0 16777215 0 16777215 0 16777215 0 16777215 0 16777215 0 16777215 0 16777215 0 16777215 0 16777215 0 16777215 
0 16777215 0 16777215 0 16777215 0 16777215 0 16777215 0 16777215 0 16777215 0 16777215 0 16777215 0 16777215 0 16777215 0 16777215 0 16777215 0 16777215 0 16777215 0 16777215 0 16777215 0 16777215 0 16777215 0 16777215 
0 16777215 0 16777215 0 16777215 0 16777215 0 16777215 0 16777215 0 16777215 0 16777215 0 16777215 0 16777215 0 16777215 0 16777215 0 16777215 0 16777215 0 16777215 0 16777215 0 16777215 0 16777215 0 16777215 0 16777215 
0 16777215 0 16777215 0 16777215 0 16777215 0 16777215 0 16777215 0 16777215 0 16777215 0 16777215 0 16777215 0 16777215 0 16777215 0 16777215 0 16777215 0 16777215 0 16777215 0 16777215 0 16777215 0 16777215 0 16777215 
0 16777215 0 16777215 0 16777215 0 16777215 0 16777215 0 16777215 0 16777215 0 16777215 0 16777215 0 16777215 0 16777215 0 16777215 0 16777215 0 16777215 0 16777215 0 16777215 0 16777215 0 16777215 0 16777215 0 16777215 
0 16777215 0 16777215 0 16777215 0 16777215 0 16777215 0 16777215 0 16777215 0 16777215 0 16777215 0 16777215 0 16777215 0 16777215 0 16777215 0 16777215 0 16777215 0 16777215 0 16777215 0 16777215 0 16777215 0 16777215 
0 16777215 0 16777215 0 16777215 0 16777215 0 16777215 0 16777215 0 16777215 0 16777215 0 16777215 0 16777215 0 16777215 0 16777215 0 16777215 0 16777215 0 16777215 0 16777215 0 16777215 0 16777215 0 16777215 0 16777215 
0 16777215 0 16777215 0 16777215 0 16777215 0 16777215 0 16777215 0 16777215 0 16777215 0 16777215 0 16777215 0 16777215 0 16777215 0 16777215 0 16777215 0 16777215 0 16777215 0 16777215 0 16777215 0 16777215 0 16777215 
0 16777215 0 16777215 0 16777215 0 16777215 0 16777215 0 16777215 0 16777215 0 16777215 0 16777215 0 16777215 0 16777215 0 16777215 0 16777215 0 16777215 0 16777215 0 16777215 0 16777215 0 16777215 0 16777215 0 16777215 
0 16777215 0 16777215 0 16777215 0 16777215 0 16777215 0 16777215 0 16777215 0 16777215 0 16777215 0 16777215 0 16777215 0 16777215 0 16777215 0 16777215 0 16777215 0 16777215 0 16777215 0 16777215 0 16777215 0 16777215 
0 16777215 0 16777215 0 16777215 0 16777215 0 16777215 0 16777215 0 16777215 0 16777215 0 16777215 0 16777215 0 16777215 0 16777215 0 16777215 0 16777215 0 16777215 0 16777215 0 16777215 0 16777215 0 16777215 0 16777215 
0 16777215 0 16777215 0 16777215 0 16777215 0 16777215 0 16777215 0 16777215 0 16777215 0 16777215 0 16777215 0 16777215 0 16777215 0 16777215 0 16777215 0 16777215 0 16777215 0 16777215 0 16777215 0 16777215 0 16777215 
0 16777215 0 16777215 0 16777215 0 16777215 0 16777215 0 16777215 0 16777215 0 16777215 0 16777215 0 16777215 0 16777215 0 16777215 0 16777215 0 16777215 0 16777215 0 16777215 0 16777215 0 16777215 0 16777215 0 16777215 
0 16777215 0 16777215 0 16777215 0 16777215 0 16777215 0 16777215 0 16777215 0 16777215 0 16777215 0 16777215 0 16777215 0 16777215 0 16777215 0 16777215 0 16777215 0 16777215 0 16777215 0 16777215 0 16777215 0 16777215 
0 16777215 0 16777215 0 16777215 0 16777215 0 16777215 0 16777215 0 16777215 0 16777215 0 16777215 0 16777215 0 16777215 0 16777215 0 16777215 0 16777215 0 16777215 0 16777215 0 16777215 0 16777215 0 16777215 0 16777215 
0 16777215 1 14601334 1 14601334 1 14601334 1 14601334 0 16777215 0 16777215 0 16777215 0 16777215 0 16777215 0 16777215 0 16777215 0 16777215 0 16777215 0 16777215 0 16777215 0 16777215 0 16777215 0 16777215 0 16777215 
0